3
5 1 1
0 8 -2.5 0 0
2 2 -2.5 0 0
8 0 -2.5 0 0
2 -2 -2.5 0 0
0 -8 -2.5 0 0
-2 -2 -2.5 0 0
-8 0 -2.5 0 0
-2 2 -2.5 0 0
1 1 -2.5 1 0
1 -1 -2.5 1 0
-1 -1 -2.5 1 0
-1 1 -2.5 1 0
0 4 -2.5 2 0
1 2 -2.5 2 0
-1 2 -2.5 2 0
4 0 -2.5 3 0
2 -1 -2.5 3 0
2 1 -2.5 3 0
0 -4 -2.5 4 0
1 -2 -2.5 4 0
-1 -2 -2.5 4 0
-4 0 -2.5 5 0
-2 -1 -2.5 5 0
-2 1 -2.5 5 0

0 1 -10 0 1
0.5 0.86603 -10 0 1
0.707107 0.707107 -10 0 1
0.866025 0.5 -10 0 1
1 0  -10 0 1
0.866025 -0.5 -10 0 1
0.707107 -0.707107 -10 0 1
0.5 -0.86603 -10 0 1
0 -1 -10 0 1
-0.5 -0.86603 -10 0 1
-0.707107 -0.707107 -10 0 1
-0.866025 -0.5 -10 0 1
-1 0  -10 0 1
-0.866025 0.5 -10 0 1
-0.707107 0.707107 -10 0 1
-0.5 0.86603 -10 0 1
0 0.5 -10 1 1
0.5 0 -10 1 1
0 -0.5 -10 1 1
-0.5 0 -10 1 1

0 1 5 0 2
0.5 0.86603 5 0 2
0.707107 0.707107 5 0 2
0.866025 0.5 5 0 2
1 0 5 0 2
0.866025 -0.5 5 0 2
0.707107 -0.707107 5 0 2
0.5 -0.86603 5 0 2
0 -1 5 0 2
-0.5 -0.86603 5 0 2
-0.707107 -0.707107 5 0 2
-0.866025 -0.5 5 0 2
-1 0 5 0 2
-0.866025 0.5 5 0 2
-0.707107 0.707107 5 0 2
-0.5 0.86603 5 0 2
0 0.5 5 1 2
0.5 0 5 1 2
0 -0.5 5 1 2
-0.5 0 5 1 2